# torsion=torsion-4
# dihedral_0based=4,7,10,13
# dihedral_1based=5,8,11,14
angle_deg initial_sage B3LYP-D3BJ_DZVP final_sage
-180.000000  0.405580  0.385430  0.275806
-164.347826  1.635658  1.319602  1.145213
-148.695652  3.043666  2.292938  2.084952
-133.043478  3.807335  2.677629  2.503280
-117.391304  3.486761  2.201195  2.124670
-101.739130  2.502478  1.230705  1.266548
-86.086957  1.755037  0.502268  0.631650
-70.434783  1.660195  0.281795  0.518705
-54.782609  2.408155  0.771809  1.094284
-39.130435  3.995636  2.088278  2.380769
-23.478261  5.765035  3.678738  3.809991
-7.826087  6.759303  4.686921  4.621362
 7.826087  6.361563  4.442968  4.365185
 23.478261  4.181641  2.948449  2.557378
 39.130435  2.737388  1.455885  1.423315
 54.782609  1.925261  0.754727  0.789563
 70.434783  1.922932  0.892878  0.806932
 86.086957  2.912741  1.313970  1.682971
 101.739130  3.446695  1.987104  2.088320
 117.391304  3.825148  2.439079  2.514267
 133.043478  3.230262  2.096028  2.253136
 148.695652  1.900240  1.190148  1.393775
 164.347826  0.596990  0.326981  0.460506
 180.000000  0.000000  0.000000  0.000000
