# torsion=torsion-3
# dihedral_0based=4,7,10,13
# dihedral_1based=5,8,11,14
angle_deg initial_sage B3LYP-D3BJ_DZVP final_sage
-180.000000  0.405580  0.385430  0.273197
-164.347826  1.635658  1.319602  1.142265
-148.695652  3.043666  2.292938  2.083938
-133.043478  3.807335  2.677629  2.504955
-117.391304  3.486761  2.201195  2.127526
-101.739130  2.502478  1.230705  1.266694
-86.086957  1.755037  0.502268  0.623641
-70.434783  1.660195  0.281795  0.502055
-54.782609  2.408155  0.771809  1.076202
-39.130435  3.995636  2.088278  2.367654
-23.478261  5.765035  3.678738  3.805376
-7.826087  6.759303  4.686921  4.624430
 7.826087  6.361563  4.442968  4.372614
 23.478261  4.181641  2.948449  2.573879
 39.130435  2.737388  1.455885  1.438253
 54.782609  1.925261  0.754727  0.805033
 70.434783  1.922932  0.892878  0.824796
 86.086957  2.912741  1.313970  1.678053
 101.739130  3.446695  1.987104  2.082385
 117.391304  3.825148  2.439079  2.513145
 133.043478  3.230262  2.096028  2.256677
 148.695652  1.900240  1.190148  1.398890
 164.347826  0.596990  0.326981  0.463966
 180.000000  0.000000  0.000000  0.000000
