# torsion=torsion-0
# dihedral_0based=4,7,10,13
# dihedral_1based=5,8,11,14
angle_deg initial_sage B3LYP-D3BJ_DZVP final_sage
-180.000000  0.501378  0.386101  0.395733
-164.347826  1.784992  1.378327  1.394004
-148.695652  3.170496  2.392554  2.430207
-133.043478  3.846666  2.839086  2.879070
-117.391304  3.418958  2.399253  2.415199
-101.739130  2.388818  1.439709  1.413657
-86.086957  1.709933  0.693675  0.719760
-70.434783  1.750320  0.572249  0.682035
-54.782609  2.573507  1.328039  1.397161
-39.130435  4.037751  2.863532  2.760088
-23.478261  5.546220  4.503796  4.205781
-7.826087  6.211088  5.261023  4.853265
 7.826087  5.546224  4.503796  4.205780
 23.478261  4.037748  2.863532  2.760091
 39.130435  2.573512  1.328039  1.397165
 54.782609  1.750324  0.572250  0.682040
 70.434783  1.709941  0.693676  0.719765
 86.086957  2.388830  1.439709  1.413657
 101.739130  3.418966  2.399253  2.415208
 117.391304  3.846669  2.839086  2.879074
 133.043478  3.170500  2.392555  2.430208
 148.695652  1.784990  1.378327  1.394007
 164.347826  0.501467  0.386113  0.395818
 180.000000  0.000000  0.000000  0.000000
