# torsion=torsion-6
# dihedral_0based=13,10,9,4
# dihedral_1based=14,11,10,5
angle_deg initial_sage B3LYP-D3BJ_DZVP final_sage
-180.000000  0.325568  0.333679  0.286268
-164.347826  1.215840  1.173360  1.057487
-148.695652  2.357489  2.144585  2.001096
-133.043478  2.938825  2.193296  2.275560
-117.391304  3.182831  1.995265  2.180079
-101.739130  3.519377  2.157734  2.165601
-86.086957  4.143391  2.725622  2.464248
-70.434783  5.556208  3.684569  3.575069
-54.782609  7.552213  4.864512  5.306887
-39.130435  9.430853  6.062270  6.975617
-23.478261  10.533940  6.744993  7.947209
-7.826087  10.444510  6.606808  7.819667
 7.826087  9.085896  5.596043  6.520050
 23.478261  6.815385  3.944508  4.395154
 39.130435  4.423260  2.195239  2.212834
 54.782609  2.825141  1.037314  0.867047
 70.434783  2.231492  0.664738  0.570937
 86.086957  2.232712  0.976234  0.909779
 101.739130  2.566541  1.756564  1.593691
 117.391304  2.968584  2.594213  2.327434
 133.043478  2.351761  2.143736  1.995241
 148.695652  1.216514  1.173029  1.058087
 164.347826  0.325116  0.333896  0.285940
 180.000000  0.000000  0.000000  0.000000
