# torsion=torsion-10
# dihedral_0based=13,10,9,4
# dihedral_1based=14,11,10,5
angle_deg initial_sage B3LYP-D3BJ_DZVP final_sage
-180.000000  0.325568  0.333679  0.286294
-164.347826  1.215840  1.173360  1.057543
-148.695652  2.357489  2.144585  2.001225
-133.043478  2.938825  2.193296  2.275656
-117.391304  3.182831  1.995265  2.180056
-101.739130  3.519377  2.157734  2.165412
-86.086957  4.143391  2.725622  2.463925
-70.434783  5.556208  3.684569  3.574667
-54.782609  7.552213  4.864512  5.306466
-39.130435  9.430853  6.062270  6.975247
-23.478261  10.533940  6.744993  7.946887
-7.826087  10.444510  6.606808  7.819372
 7.826087  9.085896  5.596043  6.519733
 23.478261  6.815385  3.944508  4.394765
 39.130435  4.423260  2.195239  2.212409
 54.782609  2.825141  1.037314  0.866649
 70.434783  2.231492  0.664738  0.570620
 86.086957  2.232712  0.976234  0.909604
 101.739130  2.566541  1.756564  1.593673
 117.391304  2.968584  2.594213  2.327537
 133.043478  2.351761  2.143736  1.995366
 148.695652  1.216514  1.173029  1.058167
 164.347826  0.325116  0.333896  0.285962
 180.000000  0.000000  0.000000  0.000000
