# torsion=torsion-15
# dihedral_0based=4,7,10,13
# dihedral_1based=5,8,11,14
angle_deg initial_sage B3LYP-D3BJ_DZVP final_sage
-180.000000  0.516308  0.348308  0.353984
-164.347826  1.825008  1.291658  1.242747
-148.695652  3.247001  2.238357  2.204399
-133.043478  3.952142  2.657206  2.699528
-117.391304  3.538628  2.257025  2.369559
-101.739130  2.502856  1.382934  1.459778
-86.086957  1.792702  0.702608  0.766274
-70.434783  1.828937  0.601743  0.732445
-54.782609  2.673807  1.337017  1.498626
-39.130435  4.130803  2.839533  2.917915
-23.478261  5.601605  4.442911  4.407758
-7.826087  6.247893  5.184643  5.079508
 7.826087  5.601607  4.442911  4.407758
 23.478261  4.130804  2.839532  2.917915
 39.130435  2.673806  1.337017  1.498625
 54.782609  1.828936  0.601743  0.732444
 70.434783  1.792701  0.702608  0.766276
 86.086957  2.502858  1.382934  1.459777
 101.739130  3.538625  2.257025  2.369559
 117.391304  3.952141  2.657206  2.699527
 133.043478  3.247003  2.238357  2.204400
 148.695652  1.825039  1.291661  1.242778
 164.347826  0.516266  0.348221  0.353905
 180.000000  0.000000  0.000000  0.000000
