# torsion=torsion-7
# dihedral_0based=4,7,10,13
# dihedral_1based=5,8,11,14
angle_deg initial_sage B3LYP-D3BJ_DZVP final_sage
-180.000000  0.516290  0.348308  0.355935
-164.347826  1.824989  1.291659  1.258430
-148.695652  3.246983  2.238357  2.247805
-133.043478  3.952124  2.657206  2.751487
-117.391304  3.538610  2.257025  2.386676
-101.739130  2.502838  1.382935  1.443589
-86.086957  1.792684  0.702608  0.747882
-70.434783  1.828918  0.601743  0.715617
-54.782609  2.673789  1.337017  1.487288
-39.130435  4.130785  2.839533  2.935352
-23.478261  5.601587  4.442911  4.478579
-7.826087  6.247875  5.184643  5.184953
 7.826087  5.601588  4.442911  4.478578
 23.478261  4.130786  2.839533  2.935351
 39.130435  2.673788  1.337018  1.487287
 54.782609  1.828918  0.601743  0.715617
 70.434783  1.792683  0.702609  0.747881
 86.086957  2.502840  1.382934  1.443583
 101.739130  3.538607  2.257025  2.386678
 117.391304  3.952123  2.657206  2.751484
 133.043478  3.246984  2.238358  2.247806
 148.695652  1.825021  1.291662  1.258460
 164.347826  0.516248  0.348221  0.355871
 180.000000  0.000000  0.000000  0.000000
