# torsion=torsion-9
# dihedral_0based=4,7,10,13
# dihedral_1based=5,8,11,14
angle_deg initial_sage B3LYP-D3BJ_DZVP final_sage
-180.000000  0.516286  0.348308  0.354010
-164.347826  1.824986  1.291658  1.242886
-148.695652  3.246979  2.238357  2.204618
-133.043478  3.952120  2.657206  2.699695
-117.391304  3.538606  2.257025  2.369577
-101.739130  2.502834  1.382934  1.459691
-86.086957  1.792680  0.702608  0.766155
-70.434783  1.828915  0.601743  0.732326
-54.782609  2.673785  1.337017  1.498470
-39.130435  4.130781  2.839533  2.917643
-23.478261  5.601583  4.442911  4.407328
-7.826087  6.247871  5.184643  5.078993
 7.826087  5.601585  4.442911  4.407329
 23.478261  4.130782  2.839532  2.917643
 39.130435  2.673784  1.337017  1.498469
 54.782609  1.828914  0.601743  0.732327
 70.434783  1.792679  0.702608  0.766155
 86.086957  2.502836  1.382934  1.459687
 101.739130  3.538603  2.257025  2.369577
 117.391304  3.952119  2.657206  2.699694
 133.043478  3.246981  2.238357  2.204619
 148.695652  1.825017  1.291661  1.242919
 164.347826  0.516244  0.348221  0.353931
 180.000000  0.000000  0.000000  0.000000
